#Pos	Phred	A	C	G	T	N
0	27	155530	134416	151945	173773	0	
0	32	4478352	4950885	4369652	4474971	0	
0	11	63937	51125	65169	60553	0	
0	37	4	4	6	2	0	
1	32	4301763	4424858	4754628	4788508	0	
1	11	46189	29127	49885	57944	0	
1	27	149718	111604	161511	185439	0	
1	37	21982	16304	17638	13226	0	
2	37	4250041	4489122	4392864	3941050	0	
2	11	35780	27316	47040	44235	0	
2	32	335815	332481	387574	359135	0	
2	27	120904	102919	136734	127314	0	
3	37	4525105	4684962	4397706	4384456	0	
3	32	181290	160158	180787	198794	0	
3	11	25627	17916	27466	34165	0	
3	27	79104	64003	78503	90206	0	
3	2	0	0	0	0	76	
4	37	4360685	4901732	4383887	4610814	0	
4	32	128915	127354	135920	162231	0	
4	27	55213	50299	58656	74793	0	
4	11	17334	14475	20228	27760	0	
4	2	0	0	0	0	28	
5	27	51944	44888	57621	67580	0	
5	37	337617	353026	376548	406726	0	
5	42	4194532	4385449	3960476	4349007	0	
5	32	115713	106606	115316	142522	0	
5	11	14536	10618	16235	23353	0	
5	2	0	0	0	0	11	
6	37	284065	307450	331237	329244	0	
6	42	4203075	4568184	4224211	4169941	0	
6	32	107254	101130	112884	122943	0	
6	11	13446	10769	16825	19556	0	
6	27	47913	44082	57789	58326	0	
7	37	268527	292854	283133	269527	0	
7	32	106761	95658	94410	106104	0	
7	42	4669278	4577923	3982936	4145193	0	
7	27	45186	45345	48797	47013	0	
7	11	11912	9098	11919	14761	0	
7	22	849	820	1187	983	0	
7	7	3	39	99	9	0	
8	32	107341	83998	116861	102221	0	
8	37	234272	230937	281546	252136	0	
8	42	4633938	4222256	4640287	3971947	0	
8	27	53100	33713	56714	51371	0	
8	11	14434	8296	17255	15672	0	
8	22	472	290	808	417	0	
8	7	9	7	16	10	0	
9	37	241960	238957	276539	278994	0	
9	42	4557189	4206438	4296330	4419744	0	
9	11	12312	7409	13520	17314	0	
9	32	97721	76556	97276	111352	0	
9	27	42228	34288	50892	51187	0	
9	22	508	436	704	437	0	
9	7	0	5	28	0	0	
10	37	240759	236450	306438	242123	0	
10	27	44404	35701	62639	44370	0	
10	42	4464597	4254521	4703645	4033779	0	
10	32	99377	78384	113836	98173	0	
10	11	18655	11362	22237	16786	0	
10	22	493	424	758	395	0	
10	7	0	5	12	1	0	
11	37	237502	246502	283531	253636	0	
11	42	4444728	4441920	4465047	4113480	0	
11	27	42874	38306	55962	47316	0	
11	32	101418	88628	111109	106040	0	
11	11	11746	8200	14681	15004	0	
11	22	608	489	882	677	0	
11	2	0	0	0	0	1	
11	7	0	17	20	0	0	
12	37	238206	248643	296292	265942	0	
12	11	11464	8463	15785	15401	0	
12	42	4273166	4470875	4580095	4118138	0	
12	32	95472	84516	112683	106124	0	
12	27	42014	37628	56613	48362	0	
12	22	935	792	1608	1042	0	
12	7	1	23	40	1	0	
13	37	243079	274242	311875	239109	0	
13	27	44242	43253	60251	42909	0	
13	42	4288456	4726392	4693621	3717759	0	
13	32	96453	90893	113239	90302	0	
13	11	11570	9411	15950	12509	0	
13	22	1122	898	1612	1030	0	
13	7	10	34	88	14	0	
13	2	0	0	0	0	1	
14	37	226225	287884	292592	234334	0	
14	42	4156871	5018329	4542863	3738115	0	
14	27	41208	48084	56352	42860	0	
14	32	91041	98760	108529	91650	0	
14	11	10453	10733	15401	12989	0	
14	22	1155	1146	1500	1168	0	
14	7	6	32	36	8	0	
15	37	230584	269728	291684	281126	0	
15	42	4105473	4653900	4436805	4201052	0	
15	32	91058	90207	107588	110412	0	
15	11	10860	9435	16043	17654	0	
15	27	41859	44263	58661	55588	0	
15	22	1328	953	1841	2077	0	
15	7	4	29	94	18	0	
